 2.90347e+07
 1.5103e+07
 1.10449e+07
 1.05192e+07
 9.17194e+06
 1.89556e+08
 9.55127e+07
 9.43004e+07
 1.2394e+08
 1.39473e+08
 1.84768e+08
 2.90456e+07
 1.51476e+07
 9.73894e+06
 1.08804e+07
 1.00995e+07
 1.83451e+08
 9.9201e+07
 9.79061e+07
 1.31069e+08
 1.3554e+08
 1.88311e+08
 2.90469e+07
 1.02647e+07
 7.44204e+06
 7.73353e+06
 6.78924e+06
 1.87085e+08
 9.8271e+07
 9.37035e+07
 1.29909e+08
 1.40166e+08
 1.8555e+08
 2.90063e+07
 4.58573e+06
 4.59043e+06
 4.71209e+06
 4.11012e+06
 6.04658e+07
 6.95136e+07
 8.38118e+07
 1.18426e+08
 1.29361e+08
 1.67889e+08
 2.90436e+07
 5.11315e+06
 4.6394e+06
 4.31181e+06
 3.83387e+06
 3.40894e+07
 5.55873e+07
 7.14969e+07
 1.0174e+08
 1.25373e+08
 1.56726e+08
 2.89482e+07
 6.70716e+06
 2.27345e+06
 2.29854e+06
 2.46935e+06
 5.45658e+06
 1.28088e+07
 1.86568e+07
 3.67801e+07
 6.0969e+07
 1.22903e+08
 2.90447e+07
 1.23072e+07
 4.33724e+06
 1.47991e+06
 622951
 1.1909e+06
 3.56012e+06
 4.49675e+06
 5.80914e+06
 6.92474e+06
 1.21375e+07
 2.90553e+07
 1.2388e+07
 4.21438e+06
 1.48298e+06
 700582
 732118
 2.88373e+06
 2.96499e+06
 2.94464e+06
 2.96984e+06
 3.2244e+06
 2.87881e+07
 1.22913e+07
 4.53101e+06
 1.50226e+06
 680571
 701687
 2.81894e+06
 2.88506e+06
 2.76138e+06
 2.67544e+06
 2.37255e+06
 2.90521e+07
 1.22664e+07
 4.4771e+06
 1.36555e+06
 633315
 695282
 2.82454e+06
 2.81231e+06
 2.6902e+06
 2.58649e+06
 2.37091e+06
